4	5	30	33	41	52
9	37	39	41	43	49
10	11	29	30	36	47
1	5	6	27	42	59
1	2	6	16	19	46
7	13	19	22	40	47
3	5	20	21	38	56
4	17	37	38	47	53
8	43	54	55	56	60
4	18	21	25	38	57
15	25	37	38	58	59
4	16	19	20	27	43
18	32	47	50	54	56
2	16	23	27	47	53
12	33	35	51	52	60
20	32	34	49	58	60
6	10	13	19	20	51
23	27	36	37	42	56
5	10	12	24	25	60
11	25	28	30	33	51
6	33	36	46	49	53
1	9	31	38	46	56
17	37	39	51	52	59
1	8	14	28	33	43
24	43	50	54	55	56
10	22	50	53	57	58
13	17	20	33	44	51
3	6	22	24	54	60
3	8	14	43	56	58
7	14	15	29	38	50
17	19	28	45	48	56
5	14	33	36	43	44
5	17	33	39	42	49
13	15	17	40	53	57
4	16	21	23	54	57
3	13	17	25	29	51
6	7	22	38	52	60
10	42	43	45	54	55
12	16	37	45	52	56
3	5	8	12	46	47
12	26	35	38	39	47
7	11	19	24	33	36
2	6	17	25	26	58
14	18	29	38	44	47
7	30	37	44	53	55
1	23	24	32	46	60
3	17	25	35	48	56
2	5	28	34	47	50
7	13	33	35	43	55
6	16	21	44	57	58
17	23	24	25	42	47
15	30	38	46	58	59
3	13	16	38	42	46
5	9	18	21	36	56
2	14	23	29	38	52
2	7	20	35	51	59
7	16	17	27	34	59
12	27	30	37	44	49
2	8	13	28	34	54
3	14	15	20	21	38
8	18	29	42	44	59
6	8	13	24	31	52
9	25	26	40	41	49
8	12	23	50	54	60
1	5	20	25	32	34
12	13	15	26	33	48
12	14	17	27	47	52
1	3	12	13	53	59
25	34	45	53	56	58
17	23	27	40	43	58
16	27	33	43	45	53
1	19	34	43	44	48
25	26	28	45	51	57
2	24	34	37	38	50
21	24	35	36	37	49
8	17	18	23	33	53
21	29	40	49	54	57
12	22	25	31	32	46
2	13	17	25	31	43
23	28	37	40	48	51
10	23	41	47	54	60
15	18	29	36	51	53
4	15	16	24	42	57
4	6	10	25	34	40
6	15	30	37	45	47
6	21	22	34	36	54
4	5	11	28	32	40
4	18	29	37	43	45
13	34	42	44	55	59
9	21	26	40	52	54
2	4	10	35	39	60
1	3	5	23	24	51
2	22	28	31	36	53
8	18	28	51	52	55
6	40	45	46	50	60
4	7	26	40	42	58
5	11	14	35	53	56
13	14	31	33	35	43
11	24	30	33	46	60
14	29	30	46	48	51
1	18	29	31	37	39
19	20	37	42	44	56
1	7	9	49	54	57
1	4	13	21	38	52
3	13	31	43	46	49
5	16	24	35	38	39
2	4	16	24	51	52
21	24	29	34	59	60
1	13	44	48	49	54
18	31	43	52	57	58
4	22	25	32	33	52
12	20	34	37	42	43
7	26	28	34	54	55
6	12	18	37	47	54
4	6	14	20	24	38
5	13	32	36	42	51
20	25	27	33	42	53
9	22	25	37	56	57
1	21	36	38	47	50
3	16	27	40	45	46
2	29	41	44	53	55
11	17	20	39	43	53
13	14	16	26	32	42
5	15	34	41	52	57
25	41	47	53	56	59
6	10	11	28	32	40
21	29	50	51	54	59
3	9	18	21	23	43
1	9	10	32	46	54
13	29	38	42	49	53
4	9	17	27	30	44
7	9	35	41	44	50
5	6	19	34	39	57
4	25	32	36	52	60
21	22	35	40	53	59
1	17	25	38	45	59
15	16	19	22	26	49
5	14	27	37	40	41
3	13	26	27	41	42
7	31	41	44	46	55
10	13	22	41	42	58
8	15	19	20	54	59
6	18	20	40	50	53
8	32	36	44	45	55
15	16	31	41	43	51
25	32	34	42	51	60
6	16	23	24	28	38
32	35	41	55	58	59
7	11	20	28	45	48
12	44	50	52	54	55
3	16	20	43	52	56
5	12	15	29	51	58
2	30	31	42	45	47
8	10	24	33	45	48
12	30	32	35	43	44
17	23	42	49	52	55
4	13	17	21	41	44
4	14	17	43	51	58
9	11	16	35	50	58
2	13	42	52	54	58
6	25	30	37	39	41
21	23	33	38	48	51
8	27	36	41	53	56
4	10	14	19	28	44
10	19	23	35	39	56
12	13	22	57	59	60
1	11	28	33	38	48
2	9	31	35	45	50
1	13	21	37	51	52
7	41	46	51	55	58
4	27	40	43	46	54
10	14	26	35	36	49
17	28	29	42	49	50
11	22	23	36	52	59
1	10	13	20	42	50
1	3	4	28	45	53
22	35	38	39	41	59
5	15	19	26	27	33
5	6	23	26	27	53
6	23	29	39	51	60
1	27	33	35	51	55
3	5	10	28	46	60
2	7	11	16	40	44
9	16	21	34	41	60
17	22	43	46	55	59
14	23	24	25	26	51
6	36	41	44	48	58
17	27	34	42	43	46
4	15	31	38	41	53
5	10	21	32	40	42
1	3	5	23	41	58
1	26	28	41	54	60
4	11	12	19	43	49
25	28	32	33	42	43
3	9	17	32	37	44
7	9	14	17	24	32
5	12	15	19	29	52
1	8	18	23	35	40
10	16	37	50	52	57
12	15	19	34	44	51
5	20	22	30	35	55
12	24	44	45	49	53
11	19	29	44	47	55
29	31	39	41	51	58
26	32	40	43	46	54
18	20	26	34	51	56
3	7	19	24	53	55
15	23	24	25	47	57
13	21	26	32	41	52
20	32	37	38	48	58
10	20	33	40	45	50
6	15	29	45	57	59
3	9	23	30	32	35
6	12	30	31	35	50
7	28	37	46	53	58
14	18	30	35	42	59
3	27	32	45	49	51
12	17	40	42	47	54
23	26	28	36	42	49
13	14	36	53	55	60
13	27	43	50	54	58
5	19	30	48	52	55
2	6	22	24	28	58
7	16	18	20	21	44
2	4	16	21	37	58
1	2	38	49	50	59
11	26	27	37	42	48
13	16	40	43	45	59
11	13	21	33	39	45
8	40	41	44	53	56
16	27	36	42	44	59
19	22	29	37	41	59
3	7	24	32	36	45
15	25	41	42	45	54
2	22	29	31	41	55
10	25	50	52	57	60
7	31	36	45	56	57
9	13	15	37	41	42
6	21	33	44	46	47
25	28	38	41	57	59
11	31	35	40	56	57
4	7	21	22	28	56
11	16	20	23	32	47
19	24	33	47	50	60
8	27	44	51	53	60
2	16	32	37	43	57
3	10	23	30	34	46
16	32	34	35	41	56
21	36	40	49	54	55
7	25	41	42	43	55
15	23	30	34	49	55
4	17	26	32	51	54
11	12	24	37	44	56
1	4	21	22	30	56
16	19	20	32	44	55
2	21	26	32	34	52
1	4	5	19	28	34
7	12	50	54	55	60
13	15	20	33	43	58
4	6	33	43	59	60
5	16	20	30	54	56
11	20	48	53	58	60
8	9	26	43	50	53
1	5	13	25	31	33
7	16	34	41	50	53
2	23	38	46	48	54
1	8	45	46	55	58
5	6	10	21	33	47
17	18	19	25	49	52
5	9	27	35	40	45
14	24	26	29	31	54
9	10	24	36	56	58
10	17	23	27	47	52
11	13	18	26	39	47
16	19	30	37	38	48
22	39	45	53	57	59
4	26	38	40	52	56
10	15	18	22	31	55
4	23	31	47	58	59
5	16	20	25	30	58
5	11	31	38	47	53
9	14	23	24	33	36
25	28	34	42	48	54
7	8	14	30	32	36
12	32	37	41	50	56
29	35	37	44	47	56
3	13	25	33	47	60
6	9	11	17	18	50
6	7	20	25	30	36
7	25	26	30	40	57
5	16	17	18	22	41
13	23	24	34	45	53
5	6	7	12	28	35
22	25	28	41	45	57
7	12	24	31	44	50
3	20	42	46	51	52
1	20	28	33	36	41
5	22	23	24	34	60
2	5	7	33	49	53
24	27	28	38	41	57
9	26	48	49	57	58
12	25	30	40	41	60
7	13	17	30	37	47
7	11	34	41	42	59
5	11	27	38	53	60
19	30	41	47	56	57
13	16	17	26	41	44
4	11	25	29	39	55
4	11	25	39	50	55
2	14	28	29	31	32
22	24	30	32	38	41
14	23	30	41	47	50
14	16	24	37	38	53
5	32	34	37	40	58
12	21	22	28	43	50
6	24	28	43	51	56
16	20	27	30	35	48
3	19	20	31	40	53
12	16	17	19	23	48
20	22	27	47	50	53
4	11	31	32	48	49
11	18	29	44	47	56
26	31	33	40	49	54
8	15	22	25	30	47
1	3	4	21	23	53
21	23	40	44	51	52
29	32	33	38	46	48
5	7	14	21	23	51
10	11	12	24	35	40
2	4	14	23	37	51
1	13	20	27	35	37
23	28	29	34	42	44
4	27	35	44	52	53
14	23	24	26	41	51
7	23	33	43	57	59
2	18	22	26	30	54
4	14	16	31	52	54
1	4	9	36	46	48
5	12	13	16	27	50
9	10	12	33	42	60
5	16	22	23	43	56
16	29	34	49	51	54
4	6	7	12	24	41
10	12	14	33	35	36
11	22	46	51	56	58
7	12	41	46	56	60
1	10	12	26	48	52
19	30	33	39	40	52
8	9	28	32	38	54
10	15	23	30	43	57
15	16	24	41	59	60
7	20	25	44	47	49
19	23	30	46	55	60
7	16	38	40	41	52
2	14	22	23	37	60
5	19	21	54	56	58
2	30	32	35	45	53
12	17	21	32	40	42
13	19	20	29	31	54
23	24	29	47	53	55
16	28	31	41	45	59
7	20	33	37	46	56
19	29	39	47	49	54
5	29	44	51	57	59
19	23	34	37	52	58
4	6	7	15	21	51
10	12	27	33	49	52
13	29	32	38	44	50
1	14	21	35	42	60
1	4	40	42	51	54
4	18	23	33	39	60
16	17	24	39	46	57
1	5	10	24	31	33
2	5	16	26	44	54
1	5	9	42	51	58
10	13	25	35	43	48
3	12	19	27	45	46
5	38	41	45	48	55
24	33	40	41	55	59
13	22	30	31	47	57
9	10	28	46	55	56
31	34	37	38	53	54
14	22	48	50	53	56
24	28	40	47	50	52
5	12	16	18	22	24
17	35	36	39	43	54
22	28	29	43	47	48
23	36	48	52	53	58
5	14	18	43	46	54
7	12	22	34	38	53
4	7	15	16	35	40
15	23	31	39	47	49
6	12	35	36	40	50
5	15	35	42	45	49
10	11	14	20	31	58
6	18	34	42	45	47
1	2	5	24	32	46
7	16	22	28	36	37
11	16	27	47	55	59
10	13	28	29	54	59
11	18	43	44	50	53
5	16	27	43	56	58
7	16	27	31	46	60
1	24	28	38	40	58
24	29	34	47	57	60
2	12	32	38	47	48
2	18	22	49	51	57
14	28	33	44	49	56
18	25	26	31	34	49
8	24	31	36	38	55
10	12	31	38	45	56
5	12	14	21	45	59
2	4	29	33	35	53
16	26	35	45	52	58
1	4	27	38	42	44
1	13	23	33	54	56
7	12	21	25	34	42
8	15	32	45	49	52
9	16	41	42	52	53
12	29	30	43	57	59
5	35	37	38	45	51
12	37	43	55	56	60
8	22	32	33	40	53
18	27	29	36	46	59
6	10	16	34	42	47
7	30	32	37	50	54
3	13	14	24	43	51
8	28	30	32	46	60
17	26	32	36	43	55
8	10	21	25	38	50
26	37	40	47	52	58
4	13	17	27	39	50
16	17	28	30	36	54
4	10	17	24	30	54
10	11	17	31	37	43
1	6	7	29	48	57
7	10	30	44	54	59
3	5	11	14	38	48
13	20	29	42	43	57
3	5	23	30	46	47
2	10	15	21	58	59
6	15	23	31	37	59
11	17	26	36	48	52
3	24	33	48	52	57
7	20	31	32	50	53
8	11	12	17	20	47
15	24	25	33	42	55
3	5	9	45	51	52
1	8	24	34	49	56
1	9	13	50	51	59
17	18	23	28	31	53
11	16	30	36	51	54
8	20	23	34	52	58
4	17	24	42	46	56
2	14	15	17	50	59
3	17	22	27	33	40
15	17	24	27	32	48
13	24	32	34	43	53
8	15	17	39	43	49
19	23	30	37	49	55
15	17	20	29	30	60
17	19	22	26	27	48
2	3	7	18	45	53
6	24	33	38	45	50
1	22	31	46	51	57
11	16	28	29	30	45
8	18	21	22	38	60
5	6	23	25	39	51
13	21	26	29	42	47
8	11	23	37	51	58
5	31	32	36	51	59
3	4	12	29	38	51
7	23	41	49	51	58
3	12	32	34	40	50
6	8	19	22	43	52
17	20	38	43	55	58
6	8	18	34	38	47
3	8	21	25	30	31
20	26	41	46	54	58
14	33	36	38	41	49
6	13	22	24	42	44
12	13	33	53	54	56
16	18	23	35	44	59
17	18	19	38	49	53
19	28	30	38	52	57
8	14	19	30	42	50
8	22	25	48	52	54
15	30	35	39	43	57
17	28	33	36	53	59
5	11	23	29	54	58
1	9	15	22	43	55
2	6	15	18	56	57
3	18	20	24	42	54
18	20	28	32	49	53
8	15	29	36	49	60
10	19	20	29	41	59
9	13	20	32	41	58
2	6	28	49	50	57
1	4	5	11	44	59
21	29	35	36	38	54
16	27	28	34	39	56
7	13	21	24	33	50
7	10	21	27	48	49
8	11	19	30	39	50
3	20	28	46	47	52
4	15	31	34	37	38
3	5	27	33	44	58
5	10	15	45	46	56
28	32	33	34	35	55
1	4	30	41	45	58
3	4	8	34	36	37
4	8	31	40	53	58
10	19	27	33	39	46
15	36	40	42	51	52
15	16	39	45	48	57
5	13	24	33	34	35
7	8	28	32	38	51
5	8	10	15	18	44
9	15	19	22	36	42
9	12	17	32	34	35
15	25	28	32	38	45
6	14	15	25	49	52
28	39	40	44	45	58
19	29	34	41	47	48
8	10	24	26	32	49
3	21	31	36	55	59
6	14	17	26	50	52
8	12	28	31	34	37
1	13	33	38	45	56
1	6	21	25	32	49
1	3	7	18	35	50
4	9	12	13	52	53
13	18	21	27	53	59
3	8	23	31	48	57
6	14	28	47	49	56
14	15	22	23	25	37
3	7	19	34	37	39
3	25	43	45	52	56
6	16	19	47	50	55
4	22	28	30	44	49
13	27	49	52	57	58
4	6	19	28	35	49
35	37	42	46	49	54
11	17	33	34	47	56
17	29	35	40	43	57
4	5	13	17	46	54
4	13	28	30	53	59
14	47	49	51	58	59
8	13	22	46	51	58
16	17	38	39	45	56
12	21	46	48	56	57
9	22	47	49	52	54
4	43	46	53	54	58
15	29	31	42	47	60
5	23	31	33	45	49
8	10	17	30	33	45
8	12	18	23	38	49
7	14	31	57	58	59
6	13	17	25	36	53
2	11	18	30	32	58
1	20	36	39	49	55
16	23	35	37	55	57
5	8	23	34	44	51
10	13	20	32	38	49
7	31	34	35	37	45
6	13	17	18	20	37
11	31	38	41	57	58
13	17	22	25	29	41
3	9	14	15	32	57
15	32	33	35	36	51
12	13	14	31	50	51
3	9	16	20	33	60
6	17	22	29	40	59
2	10	17	23	32	44
5	18	21	29	35	48
7	8	18	39	43	52
8	23	24	28	31	47
3	18	23	48	56	58
4	9	15	17	34	39
15	16	18	28	38	47
14	17	25	30	39	52
13	29	40	45	51	59
6	7	20	41	43	55
7	8	23	30	32	53
12	24	33	36	39	57
11	13	38	39	45	54
2	18	29	30	36	60
11	13	45	46	53	55
6	7	8	13	33	59
4	5	18	25	28	51
1	3	18	34	50	58
13	14	42	47	55	59
1	25	27	29	49	59
10	13	29	47	53	55
1	2	25	43	50	54
11	14	28	43	54	60
22	27	29	40	42	56
5	16	34	38	50	53
4	6	9	23	45	51
16	18	31	34	39	54
10	19	22	29	30	37
7	13	38	46	55	60
4	8	11	12	29	44
15	25	41	46	49	51
4	24	44	49	52	53
6	23	32	35	41	55
6	11	19	27	41	59
6	13	19	24	30	37
2	6	15	58	59	60
25	30	43	45	47	49
16	21	22	33	48	49
15	18	33	50	53	55
6	13	19	44	54	55
12	16	31	48	57	60
5	8	10	27	31	51
2	12	16	24	26	54
3	5	25	33	36	49
3	8	10	13	24	60
8	12	14	16	19	46
1	3	13	22	29	32
26	29	31	49	50	57
19	27	29	38	50	59
9	23	30	42	49	55
8	23	34	39	43	52
12	24	32	40	42	59
7	8	18	22	39	49
1	13	19	45	56	58
8	16	22	30	56	58
15	16	39	40	47	51
12	16	20	45	53	60
1	20	28	32	44	47
2	19	28	48	51	54
5	11	22	27	46	50
10	13	24	41	42	56
8	20	26	37	42	49
26	28	30	32	34	50
11	18	43	48	52	58
10	11	36	41	42	50
13	35	39	45	51	60
12	19	42	46	59	60
1	9	13	17	33	34
17	36	40	44	51	56
14	24	37	40	42	45
14	27	29	31	34	57
3	24	48	52	53	54
10	13	32	47	49	60
11	12	14	19	54	56
5	23	29	42	45	48
9	24	33	41	48	54
10	24	25	29	53	59
26	28	39	45	48	60
10	18	20	24	56	57
5	9	19	24	31	34
6	10	11	40	41	56
1	26	37	39	43	48
35	36	37	46	51	59
16	20	33	58	59	60
3	6	11	20	36	41
14	29	34	40	51	52
5	11	38	46	53	54
4	27	36	40	42	55
4	18	23	25	56	60
1	27	30	49	51	55
1	12	36	38	55	59
7	8	18	25	47	48
7	16	26	29	45	55
1	4	5	16	23	49
1	2	14	33	49	56
7	24	27	40	41	49
22	37	42	48	58	59
9	16	27	38	39	51
24	28	34	38	43	53
6	11	20	34	37	40
18	22	29	32	38	42
24	25	30	42	43	50
9	15	32	41	42	49
8	10	25	32	48	55
14	31	40	42	44	46
3	21	25	37	54	58
2	3	5	22	26	44
21	25	38	53	58	59
4	27	36	37	47	60
2	11	12	35	40	43
17	19	33	37	40	50
5	12	27	33	43	56
4	5	15	26	33	54
1	7	14	41	48	59
11	21	30	35	47	52
6	7	31	49	51	60
8	12	15	41	47	53
8	16	37	50	55	58
11	18	33	57	58	60
13	14	17	31	41	50
15	19	29	37	41	53
6	11	13	21	40	52
9	16	34	37	53	57
28	31	32	35	51	53
8	12	22	27	43	55
17	23	48	50	53	54
2	3	14	24	31	40
1	13	23	31	48	60
1	18	45	56	57	58
2	11	24	27	30	45
2	4	18	27	34	50
3	11	13	15	26	43
2	7	10	17	22	60
1	8	10	36	43	51
7	9	13	39	45	47
4	6	9	22	29	44
5	25	34	39	46	49
5	10	33	40	41	59
7	8	35	43	53	58
1	12	16	26	46	54
7	8	17	35	39	53
4	12	24	33	36	54
2	7	16	29	32	50
6	17	23	28	35	41
7	21	33	35	39	58
3	32	37	39	47	53
12	31	44	51	54	56
3	14	23	25	36	55
9	18	36	44	57	60
1	6	16	36	50	52
17	27	34	48	51	55
3	9	35	37	41	49
1	5	7	37	40	47
4	12	14	30	42	59
8	13	24	32	42	44
5	18	33	43	56	57
2	15	16	45	50	54
6	15	16	23	28	35
6	17	19	49	50	53
2	12	26	31	43	46
27	29	43	44	45	54
9	15	38	40	42	52
1	21	38	41	49	56
11	12	24	32	33	38
14	15	26	30	42	54
6	10	35	45	49	56
12	16	28	29	47	50
24	26	27	36	39	59
2	7	17	34	41	50
20	23	25	32	54	60
4	12	23	26	39	46
2	16	21	37	43	57
1	10	12	25	49	57
2	3	12	21	23	56
1	2	7	19	35	51
4	24	47	48	50	57
10	17	33	42	54	58
4	7	20	25	38	50
4	23	24	25	29	42
2	7	22	35	43	59
3	4	13	34	42	50
4	12	30	47	49	59
5	27	37	38	41	50
12	17	18	30	32	58
1	23	36	43	47	59
30	31	39	45	48	59
12	17	44	45	46	60
13	17	27	29	40	56
9	12	21	37	39	54
1	9	26	40	47	48
3	7	45	47	53	55
3	10	16	30	37	50
1	19	24	42	50	58
15	22	32	38	50	54
4	8	30	33	37	59
12	16	20	21	29	50
4	12	25	34	35	48
14	21	29	34	46	47
10	35	38	51	52	60
3	5	14	29	34	51
5	10	37	46	54	58
12	27	42	46	47	50
3	15	35	41	57	60
2	14	23	28	50	56
20	31	36	37	45	51
25	26	29	36	52	54
7	10	28	50	51	59
8	10	13	39	54	56
2	11	23	35	42	59
4	8	21	32	43	48
8	27	37	42	53	56
5	8	17	35	37	48
10	11	26	27	31	41
20	31	34	37	54	60
17	19	29	31	44	57
6	31	38	39	50	60
2	6	19	22	28	43
9	14	19	35	42	58
9	29	34	43	45	56
3	15	16	33	51	57
3	38	42	47	55	56
14	21	26	29	36	48
5	19	24	34	39	43
6	12	47	48	52	58
3	4	9	29	32	52
19	29	35	42	55	57
1	7	11	37	38	56
11	19	20	22	42	48
6	14	18	24	48	60
3	5	10	21	28	57
3	13	37	47	56	59
2	30	36	43	48	60
18	26	35	41	47	60
2	8	27	32	49	56
2	15	21	31	46	57
5	11	15	23	25	30
1	4	5	33	37	48
10	28	32	41	47	57
11	13	38	39	54	57
9	15	23	45	46	56
2	8	11	41	46	50
9	19	37	39	50	57
20	21	30	40	47	52
10	29	30	34	43	52
8	9	22	25	41	44
5	19	25	46	51	58
10	17	21	32	45	46
4	29	33	36	38	42
4	10	17	27	41	52
1	15	26	51	54	59
6	7	9	20	33	48
10	21	28	40	41	47
6	7	8	27	45	53
18	24	30	42	51	56
23	28	38	42	50	53
10	14	32	47	50	56
2	13	41	49	51	53
3	32	33	42	48	50
15	17	23	33	39	49
13	16	46	53	57	58
10	16	17	34	44	51
18	31	33	49	57	58
17	22	28	38	52	59
5	6	16	24	34	60
9	23	30	38	44	47
7	8	11	18	37	43
17	29	31	35	43	59
7	22	32	36	38	51
7	9	30	44	51	60
1	16	34	36	45	48
16	24	34	44	54	57
14	19	20	40	48	52
2	3	44	47	50	54
14	15	27	42	44	48
17	27	32	34	47	56
8	9	39	44	49	58
7	22	25	44	59	60
3	16	19	32	35	58
6	14	23	34	38	44
30	38	46	51	56	59
3	17	24	25	27	44
3	24	31	42	43	53
11	15	40	41	42	47
2	3	17	49	50	59
4	18	23	31	37	54
9	12	34	46	47	57
2	8	17	22	42	44
39	40	42	47	59	60
2	8	11	12	19	35
15	24	32	50	53	57
8	11	31	33	42	57
23	26	27	41	51	53
5	27	36	40	46	48
10	19	26	28	44	54
21	22	25	40	51	57
27	29	42	49	50	51
8	21	34	40	43	52
1	5	10	17	47	58
5	18	31	43	55	58
4	19	30	34	57	59
10	20	42	44	52	59
18	20	24	36	53	58
4	8	12	41	45	60
13	15	20	28	31	36
11	12	37	38	43	54
10	28	29	35	42	46
25	30	37	46	49	51
4	18	24	43	51	56
17	41	42	44	45	60
21	32	37	52	53	60
2	11	12	14	22	39
4	13	31	33	47	51
17	33	37	50	55	59
1	12	21	32	34	44
24	40	50	52	54	60
20	24	34	39	54	60
7	9	17	21	22	54
15	16	19	22	34	35
1	19	42	44	49	52
3	18	26	51	53	56
20	24	28	37	41	44
2	41	43	55	57	58
5	11	22	31	35	41
7	21	22	43	46	57
3	4	8	30	45	54
18	20	36	53	54	58
4	18	21	34	38	59
13	16	32	33	34	56
18	23	50	52	55	58
5	17	20	32	41	55
32	44	48	51	53	59
2	4	15	16	55	57
7	14	24	29	35	39
9	36	37	41	51	53
1	9	19	25	50	52
17	22	26	28	38	42
3	15	27	29	36	53
1	6	28	29	46	49
4	19	21	26	29	54
14	30	36	38	46	59
9	12	23	33	45	51
17	20	26	28	48	49
5	28	33	36	37	38
23	25	30	46	47	59
4	8	12	38	44	52
3	25	31	41	43	60
5	17	24	52	55	57
1	9	35	41	48	57
12	13	19	41	45	49
2	15	39	50	53	57
2	20	21	27	51	60
8	22	36	37	46	52
21	33	34	40	41	59
19	23	26	31	33	36
4	10	32	33	49	60
16	27	35	39	49	57
20	28	37	46	49	55
7	17	19	34	36	39
2	17	21	36	42	53
8	14	25	39	45	51
1	3	21	25	44	48
7	13	18	29	31	45
5	14	22	29	33	44
2	21	22	30	41	52
15	27	35	50	57	59
6	19	23	37	49	50
5	25	31	33	37	51
10	11	15	27	53	60
5	8	18	42	52	59
3	12	23	41	47	58
16	37	43	52	58	59
4	8	27	44	54	59
1	5	12	47	52	59
3	5	11	14	33	58
22	41	44	46	52	54
1	23	41	44	51	52
23	41	42	48	49	59
14	24	34	39	49	55
2	11	18	27	30	54
1	16	39	42	48	55
5	8	18	24	33	57
5	12	21	32	33	35
46	47	51	54	57	59
24	25	32	34	50	57
7	13	22	33	48	51
3	5	11	33	39	57
6	18	19	33	34	53
2	4	16	21	36	53
2	11	40	48	49	55
15	17	37	48	50	59
8	13	20	26	33	42
5	30	36	39	57	58
1	4	26	28	41	58
5	13	14	18	30	57
1	4	13	30	51	60
13	25	35	41	50	56
5	21	28	34	54	57
4	11	14	33	44	45
15	18	31	33	34	56
1	8	30	36	47	53
12	16	20	31	38	45
9	30	33	37	40	41
14	23	25	28	38	53
3	5	7	9	17	32
12	16	18	27	42	58
3	15	28	31	39	51
15	17	29	35	36	59
1	8	34	41	53	58
8	12	24	40	43	49
16	22	32	38	40	45
4	10	20	43	46	47
4	16	18	46	56	59
6	15	19	24	31	32
13	27	31	34	47	58
8	17	46	48	56	60
2	21	27	29	32	38
2	10	15	18	29	39
8	9	15	38	41	60
1	4	6	8	25	28
5	24	25	26	42	60
3	20	29	40	44	58
4	16	31	36	54	55
7	15	20	21	23	29
9	17	18	32	53	55
3	4	21	22	28	32
18	24	36	44	55	58
29	38	39	49	53	58
12	15	27	37	51	60
3	7	25	31	40	58
5	10	16	23	26	27
29	40	43	44	45	47
4	6	12	37	41	42
2	4	17	33	48	55
4	27	36	37	49	52
7	13	15	34	42	48
1	6	12	29	34	58
2	3	13	37	46	54
2	11	21	30	35	52
14	19	40	47	55	58
7	9	12	19	20	41
8	9	25	41	57	60
3	8	17	26	28	49
5	9	11	20	25	60
6	19	31	34	51	56
9	24	44	51	55	58
4	13	23	29	46	47
1	2	19	32	39	52
2	33	42	43	51	55
5	21	31	39	40	56
2	7	8	18	40	45
18	22	28	29	39	53
10	27	28	29	40	52
6	10	17	33	51	53
18	20	33	44	47	60
20	26	34	51	52	54
5	16	17	20	24	32
1	8	23	37	54	57
24	33	40	43	46	49
15	16	26	29	43	57
5	6	17	33	39	54
1	3	18	20	42	49
1	11	26	51	59	60
10	27	36	39	41	52
4	36	44	46	53	56
6	7	28	35	43	51
2	20	24	27	36	52
1	6	28	39	44	55
10	12	36	44	54	57
13	18	25	30	46	51
14	21	25	48	51	60
10	11	13	35	39	58
1	5	6	17	31	50
28	40	42	54	55	57
1	2	8	10	14	48
3	16	21	28	38	57
2	5	17	29	34	52
14	24	26	33	45	60
7	10	11	13	43	57
8	11	15	16	52	57
15	27	34	42	49	53
13	14	18	27	41	60
12	15	16	20	27	32
6	8	38	50	53	59
2	3	4	15	49	59
18	20	24	45	51	57
1	12	14	16	37	45
1	3	16	18	41	42
9	21	23	30	41	56
2	8	23	33	37	55
1	22	44	47	49	50
4	16	19	28	29	49
7	19	30	39	43	57
6	10	25	32	43	49
4	10	14	25	28	56
25	27	44	47	48	57
9	17	28	45	49	53
5	8	16	23	41	53
5	7	37	43	53	54
9	18	19	43	47	54
8	25	32	34	36	44
3	10	23	29	47	50
10	12	16	21	39	53
4	10	19	32	33	42
5	6	9	11	18	37
3	6	34	41	43	45
5	12	24	28	36	37
11	18	20	34	41	56
9	16	24	29	52	56
4	17	38	40	50	55
10	20	23	28	42	43
5	20	29	33	40	59
12	21	39	40	50	55
2	4	6	10	23	45
3	20	28	32	36	46
6	24	31	35	42	57
2	18	20	32	37	48
9	20	24	36	40	42
17	23	24	27	49	56
1	9	30	33	34	40
19	23	27	38	41	49
9	10	21	36	41	48
10	16	21	23	27	36
3	13	14	16	41	52
1	17	21	33	48	56
11	20	21	30	50	52
14	31	35	38	44	55
7	17	18	33	41	42
6	7	10	12	24	57
9	11	23	35	46	51
10	19	28	41	55	56
2	3	6	35	49	58
1	15	28	43	50	57
4	15	43	47	50	60
3	9	20	36	53	54
7	9	39	43	44	60
6	8	11	14	29	52
6	14	26	28	42	45
4	9	25	32	33	43
4	32	34	43	52	58
3	6	29	36	47	59
3	15	16	22	25	54
18	30	37	41	44	50
4	9	13	17	20	47
1	6	17	27	35	40
8	20	21	43	44	55
10	34	41	44	45	54
7	35	40	44	50	55
4	17	18	54	56	59
26	44	46	49	55	56
4	14	19	39	45	60
7	11	16	18	33	49
3	7	29	33	42	56
4	31	42	52	57	59
5	8	14	24	29	30
8	16	24	39	52	60
12	17	19	32	47	55
5	18	23	32	49	54
1	8	16	34	36	49
12	27	30	33	52	55
5	10	16	21	39	58
9	22	29	36	51	56
4	5	6	19	23	39
7	31	32	34	37	43
19	21	25	28	43	50
2	4	15	18	25	36
9	28	31	36	37	42
10	27	40	46	49	58
9	37	40	50	58	60
3	15	26	28	31	58
3	30	35	44	47	60
1	10	18	19	44	49
3	16	19	24	33	60
6	10	28	33	34	53
6	23	31	33	39	52
27	28	29	32	48	55
7	8	23	36	46	54
15	17	28	31	35	52
1	4	14	21	25	51
14	20	29	36	44	47
6	17	19	34	46	55
4	12	14	21	26	28
20	28	40	41	51	58
9	24	31	44	48	49
9	29	41	43	46	49
23	30	31	54	55	60
5	6	34	46	53	55
1	3	5	18	40	48
4	7	42	47	48	51
18	22	25	30	31	41
5	17	31	47	51	53
6	14	17	26	40	49
20	40	42	52	54	60
22	28	30	31	35	54
20	28	43	51	52	56
4	5	20	47	53	56
1	11	14	23	42	48
11	13	27	34	46	49
3	10	13	30	41	57
6	12	28	43	52	56
5	7	24	25	36	47
6	7	39	47	51	52
2	3	12	16	37	47
11	14	21	30	33	49
33	38	47	50	52	55
1	22	30	45	50	53
5	22	28	47	59	60
12	30	34	44	57	60
18	20	26	31	44	45
2	4	29	52	56	60
5	10	12	20	29	37
4	9	23	27	28	30
2	10	21	35	43	54
7	8	12	13	15	41
8	17	19	40	43	49
9	20	44	52	59	60
14	21	27	31	35	50
10	11	19	37	53	56
3	11	16	22	25	33
17	20	49	52	57	59
2	9	12	14	32	54
6	13	24	41	50	53
17	20	26	27	55	57
3	6	19	20	58	60
36	37	39	49	54	60
22	29	36	41	48	58
16	19	23	28	39	58
3	10	11	39	54	56
28	32	36	49	55	60
8	9	11	48	53	60
7	9	30	33	38	55
5	10	25	39	43	52
4	13	14	26	29	35
2	6	11	36	37	48
9	11	22	32	35	56
1	12	20	26	45	54
5	14	17	30	35	38
3	7	9	10	31	34
3	15	31	36	48	54
2	23	33	35	40	50
3	11	26	34	45	53
5	29	30	36	41	48
10	25	30	47	50	51
4	7	13	25	27	58
5	11	15	28	43	50
10	23	29	31	33	46
2	33	34	37	41	53
5	15	43	48	52	55
5	14	37	43	46	58
5	8	19	26	48	57
15	17	35	42	47	48
19	21	27	41	53	57
31	32	34	40	50	55
10	31	40	50	55	56
4	28	30	31	35	54
10	23	36	50	52	60
12	30	32	40	49	60
9	12	19	22	35	37
5	20	23	27	39	49
8	11	12	15	18	22
22	29	32	49	54	59
3	5	19	24	30	35
10	16	20	26	49	55
3	8	17	20	38	53
5	18	21	26	39	59
13	14	24	39	40	45
1	15	37	39	48	52
8	9	12	22	42	49
10	13	25	26	28	45
11	34	45	48	51	54
9	19	23	29	32	57
2	8	15	25	34	45
2	10	34	37	43	50
10	37	40	43	57	59
3	9	11	24	36	51
20	33	34	57	58	60
3	8	36	40	51	53
1	2	24	40	51	59
5	27	34	46	48	52
2	14	35	39	49	51
2	17	23	43	44	51
7	9	14	18	29	39
5	23	38	39	51	54
26	33	35	38	43	53
2	15	26	27	30	52
11	26	47	55	57	59
4	6	39	46	54	58
19	23	29	31	41	53
10	14	22	41	42	53
5	7	8	9	11	39
4	18	26	36	41	53
4	17	36	37	51	56
13	19	24	46	50	60
6	10	33	39	42	60
4	20	30	41	47	58
3	16	17	44	53	60
4	5	15	17	27	51
5	9	24	31	33	42
1	2	39	48	52	59
13	26	27	28	35	52
13	19	26	40	58	60
13	17	21	39	40	59
2	14	48	55	58	60
5	9	11	22	36	40
12	18	31	50	59	60
4	16	24	25	30	56
8	14	29	35	36	40
6	10	16	20	29	54
8	11	14	30	36	38
4	23	39	52	55	56
8	30	40	44	59	60
20	21	26	29	31	36
10	15	28	31	33	38
2	5	28	33	51	52
11	12	31	33	42	52
17	30	32	40	42	56
1	3	8	13	27	52
2	3	14	23	34	50
18	40	47	54	57	58
9	11	23	30	31	54
1	13	24	40	44	50
4	6	29	48	50	51
2	5	15	20	43	57
10	14	43	46	49	53
2	5	11	13	56	59
14	15	30	53	55	60
8	22	32	43	53	56
43	44	46	53	54	59
3	16	23	25	51	56
2	10	15	44	56	57
8	19	46	51	52	54
7	14	15	20	23	35
3	5	11	36	44	46
6	19	22	34	43	45
7	10	32	43	47	54
7	8	24	30	33	47
7	12	25	26	32	39
8	9	14	32	53	59
7	9	12	19	45	54
5	20	22	28	29	30
1	4	26	39	43	49
38	42	44	52	58	60
1	27	29	38	50	52
8	13	25	34	42	48
6	13	29	30	35	37
11	14	16	28	34	46
4	5	16	18	27	51
17	24	25	38	41	55
10	47	51	53	59	60
10	21	43	47	53	55
6	15	25	37	48	55
18	29	31	44	51	57
2	5	16	20	35	43
10	11	18	19	30	50
16	35	36	41	52	54
10	23	27	43	53	59
7	8	11	39	43	50
8	18	21	30	48	49
9	24	26	39	46	57
3	5	13	24	35	59
25	26	28	33	42	51
1	6	8	10	25	27
3	14	20	22	49	51
1	32	38	47	51	54
2	20	35	38	45	51
1	18	19	33	43	60
7	10	14	16	54	59
13	21	30	36	59	60
1	11	20	37	40	52
5	7	42	46	50	60
19	20	31	42	51	56
8	19	21	36	42	59
7	17	19	26	40	50
12	32	40	47	48	59
9	19	45	46	54	56
7	12	38	39	45	56
9	19	20	50	51	60
3	4	29	36	45	55
13	33	36	41	50	56
9	18	24	35	36	59
3	11	13	27	32	47
2	8	38	42	48	49
11	17	24	39	46	49
6	13	21	22	31	46
1	19	24	26	52	55
3	15	16	35	37	47
6	10	12	17	28	53
2	16	17	25	50	54
23	27	30	37	38	44
2	12	19	22	36	58
25	35	42	45	52	57
10	13	20	40	44	53
2	24	26	32	35	50
12	27	37	44	54	59
2	7	13	29	38	43
10	21	26	29	32	38
5	16	24	32	38	46
2	4	5	27	49	59
3	4	8	11	47	49
3	36	40	46	58	60
7	27	39	52	55	57
6	21	28	31	33	43
14	25	28	45	53	58
9	11	21	49	53	54
2	5	12	13	25	35
2	5	17	18	54	59
5	12	36	45	50	58
3	14	52	55	57	60
11	27	30	40	44	57
5	13	16	17	27	55
7	9	23	44	46	55
2	18	30	31	45	56
27	35	36	37	42	59
12	28	38	39	51	56
18	27	32	43	50	52
22	29	31	43	50	54
1	16	28	39	44	57
4	19	27	28	29	31
7	12	19	34	40	53
2	8	12	28	33	43
4	18	24	28	39	44
11	16	24	35	46	50
5	11	17	19	44	48
29	48	52	54	55	58
3	4	7	15	27	56
14	32	33	40	42	51
34	39	43	56	57	60
9	26	34	43	53	54
11	12	25	33	48	54
2	9	10	21	27	38
13	16	20	26	39	42
7	8	27	31	32	51
3	14	17	32	37	39
7	10	17	24	38	57
18	29	31	42	43	53
4	19	20	24	39	43
6	19	26	47	50	58
18	29	40	42	50	54
8	12	32	44	46	48
6	8	24	37	41	45
13	15	33	45	54	55
21	37	44	46	49	57
26	36	40	46	49	51
3	19	22	24	35	49
5	12	45	52	56	59
7	8	10	12	27	56
17	21	30	48	52	58
2	11	16	18	36	45
19	31	39	44	53	59
2	5	13	17	39	44
3	8	21	25	27	43
3	7	15	29	38	60
7	16	29	36	38	50
6	15	18	24	30	44
8	39	44	47	53	56
7	15	19	34	37	55
9	12	22	39	48	60
2	19	22	30	46	52
5	9	13	33	40	54
16	24	25	42	45	59
4	13	14	40	46	52
3	18	22	34	55	58
4	15	45	47	50	52
1	13	23	24	30	57
22	23	26	37	38	48
7	14	31	33	36	49
2	34	35	42	43	55
2	6	28	36	51	56
17	29	36	38	53	56
12	13	20	30	34	49
12	20	32	48	52	54
2	5	27	28	48	55
5	19	32	41	49	58
6	13	24	32	40	51
1	19	28	33	39	41
1	25	29	36	56	60
2	6	18	30	52	56
26	27	31	38	44	45
2	10	11	33	52	57
2	14	28	50	57	58
6	13	25	32	47	57
4	27	29	41	48	52
14	32	33	36	41	52
6	8	14	26	36	40
15	16	34	42	46	59
2	4	16	33	44	51
2	6	30	34	35	52
4	14	27	38	50	52
31	36	44	47	49	54
5	9	25	27	38	40
13	22	28	29	40	48
2	24	32	50	54	59
6	11	16	26	44	53
4	6	13	34	37	51
23	24	26	41	52	53
1	2	10	19	20	37
4	13	35	54	56	58
2	34	36	38	51	55
10	25	33	36	40	58
12	18	23	25	45	50
2	12	33	57	58	60
1	2	3	11	28	43
12	13	37	44	48	51
4	10	26	37	47	57
3	4	46	50	56	59
10	27	37	40	47	55
21	48	50	54	57	60
9	14	21	26	36	52
17	27	28	40	44	55
6	9	11	34	41	53
1	35	39	53	55	56
17	20	24	29	49	53
4	27	30	36	54	59
1	6	10	34	40	54
4	9	17	23	28	53
4	22	25	38	45	51
1	15	24	26	28	48
1	3	31	32	43	52
6	26	45	50	56	60
4	9	18	44	46	48
7	12	24	27	30	49
2	14	24	28	35	50
4	13	14	44	49	57
14	18	28	41	47	54
4	5	7	27	45	58
6	11	27	40	46	49
8	22	26	33	37	54
10	18	31	43	57	59
1	7	13	29	37	54
6	22	43	51	52	57
3	4	16	22	36	42
2	10	12	30	41	42
1	2	6	9	16	32
3	14	18	34	42	49
24	46	50	51	52	56
17	18	30	35	39	58
1	6	27	46	51	59
1	8	17	44	46	53
4	8	17	29	31	45
11	28	35	42	46	58
17	28	31	56	57	58
16	17	23	42	59	60
4	13	14	18	49	59
4	18	20	34	45	60
7	17	38	45	52	56
8	9	28	41	48	55
5	6	15	23	56	59
7	31	35	36	46	48
11	14	18	30	33	39
5	8	23	32	33	56
22	25	31	39	41	44
2	12	40	46	52	53
2	26	30	35	46	54
10	16	28	47	51	59
16	32	36	42	44	48
4	13	15	19	36	58
11	15	17	34	35	49
10	16	28	33	48	53
12	13	24	41	42	44
2	11	23	31	42	44
13	21	29	34	47	57
1	12	28	29	34	48
8	9	25	41	54	55
13	18	29	32	50	58
6	10	33	50	51	56
23	27	35	52	53	57
8	10	20	26	49	58
3	17	27	32	47	54
5	24	37	44	49	58
7	11	12	30	39	57
7	15	20	23	30	41
2	21	30	35	45	50
4	6	11	24	45	48
4	17	38	44	53	60
2	9	10	18	21	28
19	41	42	44	47	54
10	12	16	20	32	53
9	13	21	27	36	56
2	15	19	21	23	38
7	18	24	26	39	46
20	21	22	29	46	60
30	32	49	50	52	53
2	5	23	33	52	59
1	4	7	10	11	52
4	16	18	31	45	46
7	15	17	31	42	54
8	12	16	29	37	58
20	30	36	38	47	53
23	26	28	54	55	60
10	12	23	37	47	51
1	6	13	20	36	43
25	38	44	46	53	54
18	37	39	41	43	51
5	6	11	32	36	60
2	15	30	38	48	53
19	24	25	28	42	58
5	15	18	31	42	53
15	18	24	42	46	56
3	29	32	46	55	60
20	27	42	45	46	47
7	16	21	35	36	38
6	27	28	33	46	48
1	4	5	14	45	56
13	15	21	26	30	46
11	14	25	32	51	59
3	6	30	37	53	56
25	34	40	49	51	60
1	6	14	17	33	36
14	15	25	30	31	34
1	4	13	17	38	48
2	9	17	18	45	47
3	22	27	28	50	54
2	43	47	48	49	55
8	39	43	46	47	58
8	19	21	30	52	56
23	29	32	36	45	49
4	5	11	19	41	51
7	20	34	40	44	55
4	10	23	33	38	55
31	36	38	41	42	49
4	9	17	18	21	38
6	7	8	23	43	53
2	5	8	42	46	59
1	5	7	10	12	45
5	10	16	44	50	52
29	31	36	42	47	53
3	10	15	35	36	58
9	23	32	35	46	57
8	10	24	45	56	60
8	12	22	35	40	44
13	20	27	31	53	60
2	21	24	27	40	51
9	19	21	30	31	42
1	15	37	42	46	54
7	31	32	41	51	52
5	6	17	43	54	59
2	6	13	26	53	60
1	4	9	35	36	53
24	28	47	50	51	58
6	13	17	36	42	51
4	18	31	44	46	49
14	17	21	27	43	49
5	20	26	31	33	44
28	31	40	42	46	58
3	23	26	31	47	54
9	20	24	43	51	52
5	8	17	42	46	47
13	23	27	34	38	57
10	22	24	38	39	49
4	5	7	21	45	53
33	43	49	50	56	59
2	27	32	41	47	58
11	22	36	40	45	52
3	5	14	35	43	52
20	26	32	41	45	57
26	29	34	38	50	60
4	20	24	35	47	59
1	7	30	43	44	54
4	29	44	47	48	60
6	18	24	27	56	59
1	2	11	13	36	49
9	10	23	33	44	51
8	23	28	30	32	51
19	26	33	35	51	52
1	5	24	47	55	56
1	2	38	41	42	58
16	29	34	35	49	51
2	6	18	23	31	46
23	29	30	33	46	51
3	23	42	43	47	60
16	19	20	28	37	60
10	13	16	22	34	60
8	18	21	31	37	38
19	23	34	40	41	58
12	17	23	38	53	54
15	16	18	20	22	48
24	33	38	42	44	54
17	23	29	38	57	60
8	27	35	38	41	44
7	24	26	28	44	57
1	21	22	27	32	45
7	16	33	42	50	58
7	24	28	46	53	56
4	6	11	43	54	56
7	10	14	37	45	54
7	11	19	23	40	49
4	10	20	33	37	49
8	17	34	38	42	51
13	16	27	43	48	58
10	14	25	29	33	57
18	20	27	40	49	55
8	21	23	29	36	48
1	5	11	16	20	56
1	2	23	27	45	51
7	12	24	44	51	56
5	40	47	52	55	57
28	29	31	45	48	49
1	17	19	30	33	47
21	27	31	45	55	56
1	3	5	10	20	42
5	10	23	24	35	47
22	30	42	50	58	59
3	18	34	35	36	56
1	2	11	37	48	51
10	15	28	33	51	52
9	11	17	19	35	52
1	2	27	28	46	47
23	37	38	46	47	51
1	6	8	11	33	50
7	13	35	37	39	51
4	12	32	33	34	48
9	12	18	31	39	50
3	18	31	39	46	51
9	14	37	44	46	55
15	24	37	46	49	58
18	23	30	32	42	56
2	5	13	27	41	53
21	24	26	35	45	53
1	10	24	39	45	58
11	13	14	27	44	56
5	15	18	19	21	38
20	29	34	37	45	57
24	36	38	43	44	58
1	12	17	31	37	46
8	23	30	51	53	58
11	13	24	28	44	45
1	6	10	30	33	38
15	18	41	48	50	58
3	9	18	32	40	56
17	19	33	35	39	52
3	23	26	35	39	49
1	7	11	32	51	59
25	27	29	37	50	51
12	31	34	36	48	56
7	16	20	27	36	52
17	29	32	38	45	50
7	19	30	35	42	47
7	21	28	56	58	59
22	26	38	39	45	50
2	12	19	29	50	59
3	10	16	23	27	29
2	8	24	36	51	52
16	20	35	40	53	60
2	25	36	41	42	53
2	9	16	37	44	58
4	30	31	32	47	53
1	22	31	34	44	54
18	23	31	39	49	57
4	12	19	33	36	38
9	23	39	41	49	58
14	27	30	46	52	60
27	33	37	39	58	60
16	18	26	30	31	34
3	10	42	49	54	57
4	6	19	20	40	41
3	8	28	39	42	59
7	14	23	43	44	53
1	10	17	24	42	51
5	18	27	43	49	59
25	34	38	45	53	60
3	5	9	14	41	46
12	17	25	29	41	52
6	16	33	34	45	46
12	13	24	29	32	41
5	8	42	50	51	59
12	28	37	46	48	53
9	10	17	32	34	46
10	15	25	38	47	53
15	18	20	32	48	49
11	19	21	23	27	52
4	10	29	31	34	35
9	12	14	29	42	56
9	13	18	47	52	60
6	18	37	40	41	58
6	33	34	48	53	59
2	10	13	41	49	53
3	13	14	29	33	43
15	17	20	31	41	48
15	22	23	42	51	57
9	36	37	53	55	60
8	15	29	35	45	54
20	27	30	31	40	53
2	5	8	18	30	48
6	13	14	28	35	45
13	25	28	37	43	56
6	11	16	23	36	42
2	14	21	22	51	60
10	24	25	36	47	48
9	10	36	50	53	55
26	32	42	45	55	59
9	12	15	21	31	36
6	7	29	39	41	55
1	6	28	37	56	58
22	23	41	46	53	60
16	26	35	39	44	45
5	7	11	34	35	50
32	37	44	47	54	60
11	26	27	30	34	41
2	20	27	28	32	38
12	19	27	39	41	45
15	30	39	41	45	59
1	12	20	30	52	60
2	18	31	42	51	56
10	11	14	19	39	48
4	19	38	44	52	55
4	10	38	40	45	48
12	25	30	39	56	57
6	20	22	31	33	34
1	8	22	49	52	53
6	18	34	47	52	57
4	6	16	18	21	38
4	15	26	30	54	55
5	11	27	41	42	54
2	6	8	21	25	34
1	5	13	25	26	29
3	13	42	45	56	59
6	25	43	57	58	59
11	13	26	27	28	50
12	18	46	50	53	55
2	16	17	18	41	47
13	14	22	54	56	58
1	5	34	37	40	60
30	42	47	50	55	58
22	23	34	48	53	54
2	13	14	35	54	57
2	9	23	28	45	53
1	3	4	39	51	53
6	11	16	19	31	56
6	19	34	43	45	54
2	6	13	14	17	44
4	8	29	38	49	50
20	21	28	48	50	59
17	22	27	31	49	57
11	20	35	42	55	58
1	15	16	22	25	43
2	14	20	25	41	45
9	12	23	24	46	54
1	10	25	43	50	56
5	17	32	35	37	57
20	23	32	34	37	45
9	11	13	15	19	51
9	11	27	46	51	53
8	11	25	39	41	60
5	10	12	22	28	46
1	4	26	39	47	55
2	6	10	15	53	56
17	18	26	30	33	37
3	19	23	27	40	45
19	22	31	36	52	53
1	22	26	43	50	53
4	9	21	34	54	59
5	6	12	19	30	60
10	11	21	50	51	54
17	19	32	43	48	51
26	33	42	43	53	54
6	11	32	40	48	59
7	13	24	30	32	53
3	7	29	37	54	60
15	27	28	32	48	55
14	34	46	47	56	57
2	3	7	16	27	42
2	17	22	24	48	51
8	28	36	47	50	58
8	15	18	45	59	60
41	44	48	50	54	57
5	8	24	30	57	59
7	22	28	32	56	58
15	17	33	41	47	48
3	6	13	38	49	51
16	18	22	24	34	43
8	26	28	33	41	54
3	4	37	39	48	50
3	9	13	29	30	51
6	24	26	30	34	49
1	6	45	49	50	57
9	40	41	50	55	58
3	5	11	27	35	44
23	24	32	38	40	41
8	18	21	22	35	37
13	17	29	45	49	50
1	2	34	39	41	45
25	30	31	34	43	59
6	10	15	24	38	39
2	9	14	22	32	37
13	23	25	35	52	53
22	28	30	33	55	59
1	13	14	21	26	51
10	30	36	40	44	60
2	4	9	35	45	60
2	8	35	42	49	56
16	23	45	56	58	59
4	5	14	37	40	60
1	5	31	32	37	42
14	17	36	38	44	60
3	10	17	21	22	43
1	5	23	25	28	31
11	23	24	26	40	52
18	20	30	32	33	40
3	11	17	33	52	58
11	13	25	39	46	56
5	25	28	41	53	54
10	28	37	43	44	47
1	45	47	52	53	55
7	18	39	41	44	51
13	16	23	24	32	35
12	16	26	40	56	57
5	10	20	57	58	59
5	16	19	37	51	56
3	10	30	44	53	56
9	10	19	35	37	41
16	27	28	47	59	60
1	4	23	32	38	59
7	14	18	23	32	59
3	7	15	40	45	54
11	23	34	41	46	56
1	10	17	18	45	48
16	23	25	28	30	44
5	11	22	24	51	53
1	3	19	23	47	58
6	17	22	30	37	50
16	17	19	28	45	58
21	31	35	53	54	57
2	3	5	10	15	34
3	6	14	15	21	25
9	22	25	47	52	58
12	34	45	53	55	58
20	23	35	36	44	48
8	11	27	28	43	46
11	12	26	30	37	53
2	7	9	18	21	25
9	10	15	28	43	45
12	15	18	21	51	56
29	35	43	54	56	57
6	27	33	39	40	60
3	25	35	38	44	48
4	10	13	23	27	57
11	40	43	45	47	57
6	9	15	22	39	48
16	18	23	30	32	33
10	13	33	35	36	42
4	14	17	43	52	56
16	29	33	39	42	44
2	20	21	33	48	57
3	9	18	23	50	52
4	21	25	33	36	46
16	17	20	22	38	50
11	28	37	45	54	60
25	31	33	39	43	45
10	15	16	19	28	35
20	22	36	38	41	43
9	34	42	45	46	59
12	16	30	52	53	58
1	17	38	43	45	47
2	3	14	20	30	46
5	11	13	19	30	31
10	26	28	51	53	59
3	10	23	36	43	52
4	17	18	37	52	56
2	8	9	15	22	34
10	16	21	29	44	55
2	14	15	19	35	59
8	23	35	39	56	59
1	3	10	17	23	24
3	12	24	40	51	52
6	10	24	29	43	55
10	16	32	40	42	54
7	24	29	39	45	52
9	13	16	17	36	47
1	9	24	38	48	49
6	18	20	24	43	48
9	11	12	30	39	43
8	9	39	47	57	59
4	8	10	21	45	54
4	6	39	44	52	60
8	33	40	52	55	59
12	20	24	28	33	57
1	6	14	22	30	56
10	21	32	34	48	57
14	16	19	21	33	55
9	21	36	38	52	53
9	26	29	42	43	45
9	25	33	35	40	49
15	27	33	36	41	45
5	8	20	28	40	45
2	14	22	23	29	47
15	20	22	24	34	55
8	21	27	35	43	56
1	18	25	37	39	43
17	25	26	30	32	50
5	6	15	25	39	53
4	5	7	34	42	60
2	27	32	36	48	50
26	28	35	38	48	55
10	13	19	32	40	60
13	30	32	39	46	54
35	36	39	44	48	52
8	20	30	32	48	59
5	10	18	24	39	52
4	10	41	44	52	54
9	16	20	54	57	59
1	12	16	17	52	60
4	19	27	38	54	57
8	11	24	26	47	57
12	14	19	25	52	59
3	16	28	32	34	37
2	6	22	44	55	57
22	23	29	32	38	45
12	16	17	18	34	37
6	15	19	37	39	53
4	14	20	24	46	50
5	6	10	14	22	36
21	29	32	35	43	50
9	28	29	34	36	55
23	36	43	44	55	56
10	14	31	34	45	58
5	10	39	42	46	54
15	22	30	32	40	58
11	24	26	34	37	59
19	20	28	34	36	44
5	11	13	21	53	54
6	17	33	48	50	57
2	5	12	32	40	44
14	26	29	35	37	39
7	20	21	24	40	56
1	7	14	31	35	46
8	21	24	25	52	57
15	37	38	42	49	50
3	6	10	17	34	37
20	22	36	42	52	60
4	28	30	38	46	59
28	34	40	43	50	51
1	5	14	23	35	45
11	19	22	33	34	53
1	9	14	20	25	54
4	14	39	41	54	58
22	27	33	42	58	59
1	37	44	46	48	50
8	10	18	34	39	56
2	28	32	35	54	58
8	11	27	35	36	51
6	23	30	36	53	56
16	32	40	46	53	56
17	18	27	32	39	58
4	11	17	18	21	48
2	10	11	24	38	56
11	22	25	27	55	59
23	41	46	52	54	59
2	36	46	48	57	60
7	14	32	37	40	60
4	28	45	48	52	60
1	6	7	8	23	56
16	20	23	29	35	47
4	24	46	52	55	56
10	23	31	33	51	52
11	15	29	37	39	44
7	11	24	36	42	58
6	15	18	33	37	40
4	27	38	40	58	59
18	23	37	39	50	55
6	14	19	20	39	53
10	18	33	38	40	43
6	7	13	17	22	56
30	35	36	38	49	52
7	8	19	23	27	58
14	16	23	30	45	60
6	25	26	35	38	40
6	12	22	28	31	44
6	9	41	54	56	58
10	12	22	25	42	54
14	22	29	32	33	35
21	38	53	56	57	58
7	14	47	54	56	60
15	25	27	45	46	50
3	6	11	27	28	46
1	18	19	29	44	54
10	19	26	35	38	39
10	19	27	31	51	53
8	31	32	33	38	50
1	5	6	37	44	53
50	51	56	57	58	59
12	22	27	37	40	55
4	7	12	22	26	39
6	25	35	43	46	53
18	22	29	34	36	47
10	13	20	37	38	54
4	19	23	29	56	59
4	5	36	40	44	56
8	9	11	25	39	41
33	36	40	44	45	54
8	10	15	23	25	34
6	10	19	24	25	29
10	14	36	53	55	60
4	11	20	30	37	43
6	25	27	35	45	55
2	11	13	26	32	59
3	5	9	40	42	47
3	17	34	35	40	48
5	26	27	34	42	48
24	33	34	35	46	60
10	12	13	20	22	54
12	15	18	30	52	55
8	18	23	37	42	58
7	9	23	33	57	59
5	6	12	15	22	43
13	16	26	35	37	39
2	11	15	30	36	39
1	2	14	37	55	58
10	22	40	46	55	58
13	18	35	40	41	42
6	25	33	42	48	49
1	18	19	33	56	60
7	20	26	37	38	39
12	21	25	37	38	49
4	35	43	46	47	53
2	18	19	23	34	53
3	14	24	27	38	56
5	10	32	38	48	49
8	11	18	37	40	51
10	11	12	37	38	59
11	13	15	17	22	27
8	14	27	34	52	54
4	16	19	31	33	44
16	29	35	43	49	56
6	11	13	19	24	51
9	24	28	45	49	51
2	8	18	27	38	60
5	15	20	27	30	58
1	10	11	13	35	49
2	8	18	37	56	58
4	6	17	34	51	57
3	13	40	44	46	50
2	10	12	27	45	56
11	13	16	24	31	46
3	27	36	39	40	43
8	38	44	50	56	60
19	22	29	41	44	59
4	12	16	34	44	49
5	10	12	18	25	33
1	41	44	46	54	58
17	39	43	46	52	53
11	14	21	25	46	50
17	25	30	35	42	57
4	19	27	35	40	44
1	9	19	21	34	54
4	28	29	30	43	52
11	12	20	40	41	46
19	21	26	31	42	49
13	20	24	25	38	41
8	10	17	29	37	40
3	11	15	21	27	49
14	15	47	50	56	59
2	11	20	31	43	47
1	31	44	46	53	58
7	12	24	27	39	58
1	7	28	30	44	46
11	16	24	46	54	55
6	12	31	32	46	60
13	16	36	53	54	55
2	3	6	18	20	28
5	18	30	35	39	60
19	20	26	51	52	57
6	21	34	46	54	59
9	23	28	40	48	59
1	8	11	22	30	35
1	2	11	12	34	49
4	13	14	21	30	34
14	23	29	41	57	58
17	20	26	36	42	54
10	11	17	19	37	41
7	40	44	50	52	57
2	12	35	51	57	58
7	16	21	33	55	60
6	8	28	51	53	59
16	18	31	39	42	44
17	19	37	41	42	49
8	15	32	33	58	59
21	23	37	44	46	48
23	24	26	38	42	49
2	14	18	29	36	38
26	29	36	49	50	59
8	13	28	31	32	33
7	25	41	47	50	53
2	6	27	37	44	47
1	6	23	26	39	49
31	33	34	35	39	48
9	27	35	45	46	59
14	26	35	38	45	53
1	19	46	47	49	53
8	9	10	24	42	44
11	16	22	30	34	42
8	18	20	24	36	45
16	17	25	47	48	58
5	37	43	49	54	56
3	19	34	44	56	58
27	37	38	43	45	54
1	4	25	27	29	37
7	34	45	51	54	59
10	21	24	36	38	51
12	13	19	36	44	55
9	24	28	37	43	57
2	9	42	44	48	50
10	15	34	36	56	60
7	25	32	43	53	55
8	23	25	39	43	44
9	11	14	31	48	51
2	16	21	42	50	56
2	13	24	35	50	54
10	12	16	21	28	38
1	8	19	33	36	48
19	22	39	46	47	59
13	26	30	34	43	51
15	36	45	51	52	59
9	18	19	22	42	47
12	18	19	27	41	46
10	11	16	21	46	50
2	17	21	28	51	60
4	11	16	22	29	33
5	9	20	25	35	53
4	8	26	33	46	53
7	16	37	53	57	59
7	8	22	27	29	42
8	16	20	21	31	34
14	24	32	38	46	53
1	25	27	28	41	56
3	11	29	35	44	57
1	11	34	36	44	56
15	23	30	35	38	44
11	15	28	36	43	55
3	13	23	41	49	53
11	29	37	38	43	60
17	34	46	49	50	57
1	28	29	32	35	56
12	21	28	37	42	57
6	27	38	42	45	57
6	10	11	43	53	55
16	25	30	40	45	49
22	25	28	32	33	47
11	17	24	25	33	34
27	36	40	41	44	54
23	26	51	52	53	58
5	7	10	32	46	60
4	10	18	30	34	47
1	19	21	23	33	43
10	24	42	43	48	49
10	14	16	30	32	36
6	16	22	38	48	52
8	28	36	45	57	59
3	35	38	40	57	58
5	23	34	45	56	57
13	14	29	30	48	59
2	26	40	42	49	56
16	23	32	50	52	58
1	32	37	44	46	47
2	4	7	16	30	38
6	9	12	27	32	57
9	19	23	32	39	45
6	11	29	40	41	58
7	17	26	39	56	60
4	13	25	40	53	57
7	8	31	34	38	47
4	6	32	35	41	45
4	21	27	29	42	47
14	18	30	35	55	57
7	20	38	43	45	53
11	20	27	28	53	60
11	36	45	55	57	58
7	27	31	39	45	46
7	9	10	19	25	58
1	13	18	26	40	56
5	9	18	24	25	42
14	18	28	35	38	54
3	5	11	34	37	42
11	14	15	18	33	34
5	9	24	27	33	46
1	42	44	47	48	53
9	15	20	29	30	42
4	9	31	47	49	53
27	33	39	52	57	58
5	15	22	26	54	58
1	17	30	37	46	50
31	32	33	39	52	55
4	9	24	44	47	56
15	20	39	41	49	57
9	10	30	37	47	54
18	21	30	31	34	51
1	5	7	14	23	26
20	27	41	54	56	58
12	14	34	35	37	47
7	23	26	27	29	51
7	8	14	23	30	46
9	24	33	43	49	57
2	3	8	19	29	37
14	20	23	39	46	50
10	23	31	37	58	59
20	32	33	48	49	53
4	13	23	28	30	52
1	11	14	23	29	55
14	16	38	39	41	48
6	10	27	28	41	52
2	5	11	24	41	49
15	16	20	38	40	58
8	11	17	33	40	55
2	4	25	36	50	53
5	15	18	27	49	57
10	22	23	37	53	60
8	17	34	37	43	45
5	12	14	20	27	28
28	29	31	50	58	59
14	27	35	40	50	55
12	27	30	36	45	52
4	24	37	43	59	60
4	10	12	14	36	46
1	7	10	12	33	42
9	21	30	41	42	43
2	4	6	29	41	56
2	26	35	39	40	56
6	9	34	37	38	45
5	18	36	44	57	60
12	26	31	36	37	49
6	16	18	33	42	57
1	2	10	37	42	48
9	15	20	33	41	43
6	13	26	28	35	41
1	6	21	29	36	59
20	22	35	40	41	59
13	17	21	31	41	49
2	3	19	40	44	60
9	21	37	39	43	54
17	18	35	36	47	52
18	22	25	27	43	44
3	7	17	20	48	50
12	21	29	54	56	57
7	16	22	38	55	57
3	19	28	33	57	58
16	33	38	46	53	55
9	13	26	38	58	60
9	11	29	30	33	60
13	17	28	29	42	53
3	5	9	35	43	60
3	27	39	46	47	60
3	20	26	45	49	58
6	7	28	42	45	49
1	10	17	26	30	53
2	11	43	49	52	56
3	8	30	33	35	48
28	44	52	54	58	60
6	17	25	35	40	49
6	30	35	39	42	48
14	25	28	41	43	46
2	5	10	29	34	41
20	27	35	39	50	59
2	16	19	31	43	60
33	34	37	46	52	60
10	16	27	34	36	57
30	37	45	54	57	58
8	11	14	39	48	53
12	14	28	42	45	55
17	20	22	35	41	42
11	13	16	36	53	57
12	33	35	36	44	52
9	16	31	41	53	55
4	13	20	22	25	60
9	18	23	42	47	49
8	10	20	27	28	50
2	9	34	49	51	55
8	21	23	34	42	47
4	18	29	47	48	59
16	21	28	41	49	51
4	9	31	32	42	46
17	20	24	27	40	60
4	31	42	45	49	56
11	17	25	38	52	57
7	16	19	22	28	55
3	4	11	40	42	58
8	9	17	30	58	60
2	3	7	48	51	54
5	10	25	32	49	54
25	28	29	34	41	45
19	22	35	41	47	49
9	17	38	41	49	55
3	19	34	41	48	53
6	18	25	30	42	54
7	30	31	41	50	56
3	10	25	36	51	58
19	28	30	34	40	51
5	9	11	16	43	57
31	32	39	42	43	51
10	15	21	24	29	45
14	21	22	29	35	46
3	20	22	32	35	50
6	14	24	34	39	58
20	33	42	44	51	56
1	17	28	37	44	50
4	27	33	35	38	41
5	23	29	34	53	60
4	7	13	25	36	58
4	9	17	19	37	60
7	31	37	42	44	56
4	15	30	36	39	48
3	19	25	44	46	57
23	24	26	44	49	60
12	13	25	37	39	41
2	6	44	46	53	58
12	14	17	18	19	22
5	18	29	35	43	44
11	37	38	41	49	54
2	8	26	32	46	56
11	16	20	24	39	53
7	23	32	41	42	47
6	9	19	38	53	55
13	15	16	20	40	41
9	13	22	25	26	31
12	24	32	37	43	60
11	13	16	35	49	50
8	26	30	31	38	48
8	30	33	37	45	48
16	30	37	39	40	51
9	13	20	22	32	56
5	8	13	27	36	50
11	15	23	25	34	53
26	27	28	32	38	51
5	16	25	36	42	44
4	11	12	44	45	57
2	3	25	39	42	49
6	14	20	39	46	48
8	17	30	36	54	59
27	35	42	44	51	52
9	21	25	26	36	53
8	11	13	33	38	48
6	22	25	29	30	60
10	12	14	32	33	34
1	19	35	40	47	54
21	38	48	49	53	59
8	12	29	43	54	60
13	17	31	43	54	55
4	29	30	38	43	57
2	29	39	49	52	58
7	10	27	35	43	59
7	26	29	34	43	44
9	16	34	36	49	60
3	22	37	40	41	48
4	5	6	14	29	38
10	12	26	29	35	60
6	7	11	26	37	57
3	7	10	11	27	46
2	11	19	27	57	60
10	35	43	48	50	53
5	8	29	39	44	60
2	3	32	35	48	57
2	7	10	20	30	46
16	18	38	48	51	60
3	16	17	37	38	53
10	31	38	46	49	54
5	11	24	27	32	57
3	19	25	37	44	56
3	9	25	28	29	39
11	37	53	55	56	60
19	26	39	45	46	56
8	11	22	25	26	36
7	29	38	40	44	52
8	9	32	52	53	57
1	2	14	28	40	51
5	22	30	32	33	36
5	15	28	32	38	54
1	19	41	46	48	55
4	11	19	25	37	55
2	8	34	38	47	51
12	15	23	32	33	46
9	41	42	46	47	54
2	7	9	25	41	49
1	5	12	13	17	31
15	17	20	35	37	43
11	25	32	37	47	56
1	13	27	41	51	58
13	19	29	42	49	52
18	30	32	35	40	48
14	20	21	31	49	52
2	6	11	15	17	39
13	26	31	46	51	60
8	10	51	56	57	58
10	14	15	24	34	44
9	14	22	24	44	47
21	38	50	53	56	59
28	34	40	41	52	55
10	19	46	47	49	50
15	40	44	45	47	51
15	24	33	49	53	59
16	17	18	28	35	47
8	11	16	21	32	37
3	16	23	41	45	57
11	16	31	37	42	51
2	7	24	43	52	56
3	8	23	29	53	54
2	3	13	20	53	54
1	10	19	34	35	45
22	35	41	42	53	57
5	28	30	38	52	55
8	33	40	42	48	51
8	23	29	30	36	55
5	13	18	23	35	36
15	18	28	42	55	60
22	30	38	39	49	56
1	40	44	45	58	60
2	7	32	46	49	55
20	33	37	38	49	50
2	17	23	28	39	46
10	15	17	20	21	35
4	6	9	31	50	56
1	8	21	27	36	37
1	32	35	44	45	57
20	34	38	40	49	54
11	14	36	41	54	59
5	12	32	38	47	60
8	9	17	19	33	56
23	36	42	48	54	58
17	31	34	40	56	57
3	10	13	25	41	42
11	16	17	41	46	59
22	29	38	43	48	53
10	30	31	33	42	52
4	9	37	43	44	56
1	4	10	22	53	54
8	12	14	30	33	41
7	26	31	38	46	58
5	14	23	46	48	52
9	12	26	29	46	47
11	19	38	47	56	59
5	16	25	32	39	55
11	27	32	40	58	59
16	20	21	39	44	55
3	14	16	38	43	45
14	33	41	42	44	55
3	5	19	26	43	51
21	22	29	34	40	44
4	6	12	34	35	53
41	45	48	51	53	58
8	37	39	50	59	60
8	13	25	32	44	57
4	10	15	39	41	49
7	10	34	47	49	52
13	19	21	35	46	50
5	15	24	34	45	52
3	12	19	41	45	54
8	17	49	51	52	53
1	5	6	16	22	39
3	22	23	44	53	60
3	8	20	36	38	57
2	17	22	41	58	60
23	28	33	38	55	59
4	5	25	32	39	40
1	10	27	36	37	45
3	20	22	37	41	43
4	13	21	26	47	51
2	16	24	38	43	59
8	19	29	38	48	56
4	15	22	53	56	60
3	5	32	56	57	59
14	17	18	28	30	44
1	5	18	49	55	56
10	14	17	18	23	30
17	18	20	37	45	53
28	36	39	44	56	60
1	3	24	37	51	56
9	22	27	30	33	45
12	24	26	31	37	48
6	15	19	20	33	52
1	23	32	33	36	59
2	8	28	34	41	49
10	28	45	47	57	59
12	20	22	25	26	55
2	5	27	30	46	53
25	38	45	53	55	56
20	23	32	36	39	57
3	23	28	34	38	48
10	25	31	37	38	57
9	15	23	25	29	30
1	6	10	30	33	35
4	5	10	34	58	59
1	25	29	43	46	48
5	24	25	33	38	41
13	15	53	54	55	58
19	25	43	44	48	49
3	20	45	52	53	58
2	6	10	14	34	56
3	13	16	25	27	33
2	10	18	25	34	44
9	12	20	30	32	35
4	5	17	20	48	52
19	22	37	44	51	56
6	12	32	44	51	57
5	9	14	30	38	50
7	8	14	19	32	45
9	13	25	39	46	54
11	23	45	53	57	59
10	11	19	33	58	60
16	22	29	35	38	49
6	7	25	28	31	52
8	18	26	27	47	50
9	18	33	38	41	51
3	7	15	22	24	50
6	26	32	35	37	49
12	17	43	44	48	60
4	12	14	41	46	53
29	32	33	35	38	43
12	18	22	31	44	50
37	39	47	50	59	60
5	10	26	35	38	44
3	4	13	29	36	43
14	17	32	36	39	60
10	14	17	19	21	34
2	20	27	30	52	59
1	5	12	36	53	55
14	26	34	36	43	59
10	18	41	49	53	59
5	10	11	22	23	37
9	13	22	31	57	58
1	15	16	25	32	36
2	12	28	36	43	48
10	11	21	23	28	30
15	17	28	34	35	51
10	14	17	25	32	39
7	26	32	35	49	55
1	13	34	39	50	52
34	35	39	47	51	56
14	26	34	54	56	58
7	14	24	53	58	60
23	28	34	43	47	60
4	18	37	38	46	60
3	8	34	40	44	55
11	14	16	30	32	46
3	7	13	29	52	56
16	17	19	22	46	57
5	11	26	35	46	54
2	10	16	32	45	49
7	11	25	51	57	60
7	13	17	24	29	52
3	21	27	32	35	60
10	23	34	53	55	57
4	12	18	21	25	49
20	27	34	44	50	54
14	26	40	42	46	52
3	8	13	14	19	25
5	7	22	23	41	59
6	16	23	35	38	49
3	14	36	42	43	44
6	17	29	35	45	48
5	36	39	41	44	50
4	6	13	21	26	28
6	9	14	16	42	47
9	19	22	24	50	60
10	15	20	35	37	59
5	31	37	47	52	58
9	10	35	44	55	58
1	9	13	16	52	59
13	25	31	43	57	58
5	14	32	40	53	54
11	32	35	40	41	48
14	18	22	26	31	38
14	26	36	39	50	53
5	10	27	38	56	57
2	23	25	33	45	54
8	27	28	32	48	56
6	11	29	37	56	58
5	16	38	42	43	48
1	2	10	32	34	59
9	30	34	44	54	55
2	8	11	22	48	49
4	8	10	27	28	32
9	24	34	39	45	50
8	13	31	33	49	50
2	10	29	31	56	59
4	17	22	28	30	49
8	22	34	42	51	59
18	28	30	39	41	58
9	33	39	43	50	54
20	44	45	46	56	59
6	11	26	32	46	56
9	18	29	37	39	58
6	23	35	36	37	59
13	23	26	29	45	59
14	32	41	43	48	60
11	17	23	36	47	51
10	23	30	31	49	56
20	24	27	46	57	58
7	27	32	33	36	53
5	13	39	51	58	60
11	36	46	53	55	60
6	12	13	20	38	60
6	30	35	38	41	56
17	20	31	34	40	42
7	11	27	41	56	59
12	15	17	30	40	52
3	14	21	22	37	39
5	25	29	30	43	47
1	4	8	21	46	51
1	27	30	41	46	57
4	7	16	35	46	54
21	24	33	41	48	56
16	19	43	53	57	58
10	13	20	40	43	56
4	27	35	45	52	56
8	14	15	21	23	46
1	26	31	34	42	45
4	6	14	19	22	29
3	7	32	34	42	54
10	13	16	18	37	54
7	18	20	26	38	51
3	11	42	45	46	57
10	20	30	42	47	53
4	17	29	30	52	58
1	3	23	27	47	57
17	26	45	46	48	53
9	16	31	46	47	51
6	12	20	41	43	59
2	4	24	30	34	50
12	17	33	41	46	54
9	16	20	47	48	52
9	28	33	43	45	55
13	15	28	37	40	57
9	33	45	55	56	59
11	29	44	45	46	50
7	20	22	29	41	58
15	17	32	33	34	40
4	13	18	39	55	59
10	11	13	25	27	42
2	18	19	35	45	60
9	23	31	49	54	58
1	11	19	20	28	48
6	13	20	34	40	46
3	7	11	35	38	56
3	7	10	25	31	52
2	16	22	27	35	47
10	11	17	24	30	45
7	9	11	39	54	57
10	11	12	19	23	28
12	22	23	24	47	53
5	6	25	42	44	50
14	36	38	46	55	60
7	15	19	35	40	42
9	23	25	26	35	58
16	17	42	45	52	57
7	19	25	46	50	53
5	20	27	28	48	49
6	22	34	36	44	50
6	30	34	41	46	59
16	25	27	30	42	48
8	15	16	23	42	43
9	10	11	25	46	48
19	23	25	36	44	46
6	12	19	28	50	60
11	21	24	26	42	54
2	10	32	33	38	47
27	45	49	53	55	59
4	32	39	48	51	57
2	9	11	25	43	51
20	27	41	47	53	54
7	24	29	41	46	60
4	12	32	45	49	58
1	3	16	18	49	60
14	20	21	39	44	56
21	27	35	48	59	60
5	33	46	47	53	59
11	17	24	26	35	43
16	20	30	34	37	45
2	19	25	44	46	60
19	25	37	45	47	53
13	16	17	34	41	47
1	33	35	39	42	56
2	11	25	32	37	57
13	25	27	30	37	53
10	25	26	33	34	38
2	5	7	11	52	57
22	27	30	43	51	56
14	17	24	28	36	45
19	32	43	46	50	52
8	25	27	38	43	44
7	11	12	19	36	52
4	13	18	42	52	53
4	15	24	40	44	47
6	26	31	46	52	55
10	14	44	55	56	58
7	13	17	33	41	58
1	6	13	18	43	46
1	21	37	40	51	54
19	35	36	37	41	60
3	10	38	40	48	59
8	11	19	39	47	48
3	22	34	44	49	57
1	17	30	40	48	50
20	31	34	38	42	51
8	12	34	39	43	47
9	10	34	36	38	44
14	21	42	47	50	59
2	12	18	28	32	33
10	16	35	46	49	60
21	28	37	44	50	60
7	13	14	33	38	50
1	12	33	41	53	56
19	23	32	34	38	57
6	16	22	24	38	50
1	4	14	26	44	51
5	17	22	37	51	52
2	13	21	38	42	52
20	33	34	40	43	57